10
1000
103
11
111
112
113
117
124
128
129
13
137
138
140
143
149
15
150
152
154
157
159
16
161
163
166
167
169
17
170
172
173
174
175
176
177
179
18
199
2
21
22
229
234
25
253
257
260
27
28
287
288
292
3
300
301
302
305
321
33
333
334
337
345
35
352
365
367
369
371
373
39
396
397
399
4
400
403
404
41
420
424
430
450
455
46
479
5
502
505
51
534
537
538
54
543
556
557
558
559
562
564
565
569
57
570
571
572
577
580
581
584
589
59
590
594
60
61
627
63
64
655
657
66
670
671
672
674
676
677
678
679
68
680
681
683
690
692
7
70
703
705
707
711
713
725
737
739
74
740
743
751
759
782
79
793
811
815
820
821
823
827
828
829
830
835
838
840
841
842
843
847
85
850
851
852
856
858
861
863
864
87
871
874
878
88
882
89
898
900
907
908
913
923
956
960
964
965
975
983
99
990
991
997
998
logs
